0.000000000000000000e+00
0.000000000000000000e+00
4.276549615397249911e-07
9.879400091835495413e-05
1.361708351511696480e-04
2.116589811932868966e-04
6.970418371081724018e+00
1.163731941193951691e+01
1.827234639580069953e+01
1.996015072324773598e+01
2.548662040626960135e+01
3.162922451758769782e+01
3.790720070795035213e+01
3.968630115364916833e+01
5.630588139707163720e+01
5.995001769817511672e+01
6.545443542252981217e+01
6.859772958585166691e+01
7.002060275527414035e+01
7.978646263396925065e+01
9.232327259056916091e+01
1.044324755272152174e+02
1.056441553649781326e+02
1.123890384470362278e+02
1.191911999341915305e+02
1.263708973490458192e+02
1.316969877814086374e+02
1.386155314975864883e+02
1.513076896535631022e+02
1.570298728468716831e+02
1.622205580029151974e+02
1.688317033418292112e+02
1.789791392240971959e+02
1.951114257776477814e+02
2.053342296515247369e+02
2.091059396231130734e+02
2.151436511111874665e+02
2.243070219840253969e+02
2.302451285825876823e+02
2.398281920031807886e+02
2.469668086366984312e+02
2.620897300972644075e+02
2.645398790460255896e+02
2.758651911130749568e+02
2.945983332750295745e+02
3.046580525354189035e+02
3.151794757540981777e+02
3.201235918426420426e+02
3.283927716420948286e+02
3.293095500262900259e+02
3.406339154115742645e+02
3.535598282805532335e+02
3.658815488177836528e+02
3.743147326970807853e+02
3.880186206538604097e+02
4.029316027300149585e+02
4.167853215255988175e+02
4.214125902487420490e+02
4.326567834404743849e+02
4.422935042245127875e+02
4.579548416674367104e+02
4.716987065459726978e+02
4.795919068589601011e+02
4.919804021449429570e+02
5.028270339640709494e+02
5.234951570580110456e+02
5.445128438728251012e+02
5.485439700923960800e+02
5.699255511554141549e+02
5.841432076512443246e+02
5.845249413784395074e+02
5.923863603104981621e+02
6.058493478141975856e+02
6.150615666261252272e+02
6.241629111886403507e+02
6.572490868012190504e+02
6.631348034189591090e+02
6.722160617048275526e+02
6.848720017436360195e+02
7.004623773138523575e+02
7.125885252898617637e+02
7.249247895859400614e+02
7.454799447953313347e+02
7.515817280274352470e+02
7.633960586192766868e+02
7.789050250733689609e+02
7.889374611337354963e+02
8.088194435288111208e+02
8.278308160658492625e+02
8.286184853867041511e+02
8.386555561185344914e+02
8.536502944174146705e+02
8.944758210821504463e+02
9.030448729840167061e+02
9.173363768264030114e+02
9.342920159388410184e+02
9.511370845555002234e+02
9.680651804307981365e+02
9.753580237973371823e+02
9.901941478786066000e+02
1.013224487386354554e+03
1.019948189025329498e+03
1.039752929620797659e+03
1.062994199413942397e+03
1.076054289081579100e+03
1.092129954383072572e+03
1.119631104338575142e+03
1.129321724163032968e+03
1.139821994673796326e+03
1.154791922502083253e+03
1.210561200724281207e+03
1.219159025116375005e+03
1.237013054221710718e+03
1.260482015140064505e+03
1.266984821578920673e+03
1.282421168356000408e+03
1.285690503237779922e+03
1.286724701966773864e+03
1.328017359590938213e+03
1.338089469613524898e+03
1.354566753319362078e+03
1.369651695159519250e+03
1.379584675437640954e+03
1.416930136470454499e+03
1.433875863469056867e+03
1.443446535795201953e+03
1.455769722890126786e+03
1.485782483786739704e+03
1.509085963711052727e+03
1.533462579032786380e+03
1.557435545963449840e+03
1.574827056437960664e+03
1.594266270468492166e+03
1.619267020173489072e+03
1.649112595251217726e+03
1.659706939548363152e+03
1.674964861544206542e+03
1.693949326639781020e+03
1.722714428874440955e+03
1.750090254782748843e+03
1.781898142967733520e+03
1.795698645006240440e+03
1.805328677768278112e+03
1.844826979758638572e+03
1.858536035111597130e+03
1.879429735336855629e+03
1.898573445166815418e+03
1.917083495511740239e+03
1.953927814526907468e+03
1.972852189678415925e+03
1.989399828344757680e+03
2.015346973930452350e+03
2.041073337967728094e+03
2.062099723774261747e+03
2.083667760612037910e+03
2.126528494662363300e+03
2.151162285350922048e+03
2.179228070057914010e+03
2.202981003862343641e+03
2.218030767823236602e+03
2.225587877359684626e+03
2.248256620162881518e+03
2.286023681260472131e+03
2.304090312290019028e+03
2.357053939646706567e+03
2.406354973702397729e+03
2.418530783066178174e+03
2.432166960284964262e+03
2.454416827200508578e+03
2.464233660261340447e+03
2.488644604860257914e+03
2.506486779115035006e+03
2.548258751314583151e+03
2.596689188391516382e+03
2.617126095205519050e+03
2.661769435488827639e+03
2.685899470904942973e+03
2.710124995476160620e+03
2.741219100945150331e+03
2.765751258117119960e+03
2.793090454955036876e+03
2.811293020560317018e+03
2.833214347711553728e+03
2.861708843879954657e+03
2.896471175122133900e+03
2.902456254393091967e+03
2.946296453263678814e+03
2.962720373132736313e+03
2.972653143101079877e+03
3.002254445541375844e+03
3.048343714634992011e+03
3.072845027370244679e+03
3.103537527604030856e+03
3.111242407356475269e+03
3.124965078574652125e+03
3.151374914400139915e+03
3.165909777899681103e+03
3.251366521655755150e+03
3.271724146015987117e+03
3.318281330691802850e+03
3.336655422863691911e+03
3.392776493176505483e+03
3.431954297221553588e+03
3.471993444367090888e+03
3.519297134400328105e+03
3.563705647472600049e+03
3.579596632868672259e+03
3.620070342697148135e+03
3.632706658508247074e+03
3.660319201441746372e+03
3.666180528724087253e+03
3.694646594828005163e+03
3.772789076300589386e+03
3.783594919710364593e+03
3.805612453798237766e+03
3.821771299957812062e+03
3.866614776810391504e+03
3.917765177954209321e+03
3.950805156192057893e+03
4.001091934606015002e+03
4.040657927057448887e+03
4.053389169628033414e+03
4.128335426034261218e+03
4.166783217149963093e+03
4.223412522446677031e+03
4.293696459819331722e+03
4.345645280688206185e+03
4.409162988884752849e+03
4.423457416013669899e+03
4.476981061463565311e+03
4.519131300717074737e+03
4.554986483293814672e+03
4.592876265121302822e+03
4.615978645784358378e+03
4.623736666454812621e+03
4.659540115681905263e+03
4.695143889980929089e+03
4.737633637114465273e+03
4.798005259955567453e+03
4.822620253379937822e+03
4.854448758539004302e+03
4.928196216944735170e+03
4.958377998378168741e+03
4.977528360072649775e+03
5.007346991010148486e+03
5.069625076851267295e+03
5.089147685813139105e+03
5.176682145116113134e+03
5.276802704280680700e+03
5.343606783114812060e+03
5.403393310522737011e+03
5.434487702858436933e+03
5.492418938203158177e+03
5.580486143227617504e+03
5.612994986820114718e+03
5.621230009688475548e+03
5.646215001022796059e+03
5.663659260788422216e+03
5.712671164133720595e+03
5.796735640273103854e+03
5.814538079022244347e+03
5.844669901296173521e+03
5.890441728773727846e+03
5.923632965620754476e+03
6.033897723093366039e+03
6.086172704624298603e+03
6.140002303387531356e+03
6.246850803950898808e+03
6.324677778291806135e+03
6.337754502906924245e+03
6.401399395416136940e+03
6.486516528516121070e+03
6.529540701284367060e+03
6.533209635594527754e+03
6.562287146751633372e+03
6.667370351859488437e+03
6.744021580967345471e+03
6.760517961628285775e+03
6.781193890438232302e+03
6.807347688162540180e+03
6.808803857425494243e+03
6.913793505863015525e+03
6.975313156502412312e+03
7.003134960575968762e+03
7.146705726185422463e+03
7.172316223533115590e+03
7.212121811050635188e+03
7.236393616342898895e+03
7.254079998693708148e+03
7.317275137805725535e+03
7.348378035741058738e+03
7.457421575764126828e+03
7.486422351802937555e+03
7.545878775838835281e+03
7.604894103162967440e+03
7.654276145189989620e+03
7.681353470735771225e+03
7.830172615765492083e+03
7.852867604577633756e+03
7.931623184678012876e+03
7.932215910711262040e+03
8.077955042224308272e+03
8.110222770875762762e+03
8.215617024688641322e+03
8.274077525102482468e+03
8.371096006935500554e+03
8.448772622203539868e+03
8.503261078687333793e+03
8.556190359869060558e+03
8.658221173242793157e+03
8.742430612837782974e+03
8.822128077689621932e+03
8.838858901270379647e+03
8.912257368361684712e+03
9.008486461608501486e+03
9.069848624391532212e+03
9.145351929830590962e+03
9.185387264010156287e+03
9.236750064965675847e+03
9.271224013706330879e+03
9.309998054647488971e+03
9.341218631948662733e+03
9.416845409212555751e+03
9.510504943909667418e+03
9.573278019703728205e+03
9.635220951670187787e+03
9.725106971115226770e+03
9.847028875360694656e+03
9.854909693084979153e+03
9.925215115332559435e+03
9.998651258798805429e+03
1.014025316693086279e+04
1.014862109761739703e+04
1.030513987103452200e+04
1.031169781071490615e+04
1.041641770644718599e+04
1.044068996585303103e+04
1.050063940531737535e+04
1.052658175352543913e+04
1.070811981260813445e+04
1.081118426358528450e+04
1.085870174036456774e+04
1.093573041980895505e+04
1.095223657602636740e+04
1.116848721000640035e+04
1.117758978371438025e+04
1.133198131529282728e+04
1.134248098504629161e+04
1.138450476264710960e+04
1.138891025014216757e+04
1.151258478529991044e+04
1.158522801341087325e+04
1.172040852942887432e+04
1.178480997362516609e+04
1.186728141069981757e+04
1.193548738984262673e+04
1.198067918284860207e+04
1.198696511348387685e+04
1.208026095702111161e+04
1.213874655522822468e+04
1.226955317188699701e+04
1.230197828459656375e+04
1.247807024542393447e+04
1.249155461033952088e+04
1.258990419237868446e+04
1.263443886750349702e+04
1.269231216388799294e+04
1.278902571988583259e+04
1.297148405607731183e+04
1.301523388683793019e+04
1.303969832233063789e+04
1.320377996577117301e+04
1.329321881738213960e+04
1.339452795167687691e+04
1.342136117755815758e+04
1.364269531028146412e+04
1.373968626611354011e+04
1.378017808488068658e+04
1.382083066759861867e+04
1.389823005740466215e+04
1.394327702471085468e+04
1.406826978681118089e+04
1.413740605542332742e+04
1.425574881421434839e+04
1.430277081562760759e+04
1.435221999232576673e+04
1.439138093083057538e+04
1.454605349808814390e+04
1.461688481435456379e+04
1.467358751196160301e+04
1.484074200367981939e+04
1.491257344754321093e+04
1.497377381563388008e+04
1.507139288970608686e+04
1.523053016667091651e+04
1.525649406257006194e+04
1.541317963887909173e+04
1.546371427096521802e+04
1.553976689330670888e+04
1.558201965540978199e+04
1.570149801813774866e+04
1.571702661059671118e+04
1.575421308482532004e+04
1.592445502658430814e+04
1.599557586945144794e+04
1.607819413350487048e+04
1.625423133527634855e+04
1.629751650028827316e+04
1.640981319052168692e+04
1.662395963128381482e+04
1.678981981774718588e+04
1.685344852021241240e+04
1.691036423263574761e+04
1.707586005654654582e+04
1.710470220119740407e+04
1.717078391070559883e+04
1.717478352956780873e+04
1.728648937163249138e+04
1.756460049572891512e+04
1.761113143279967699e+04
1.769872210967592764e+04
1.785177253878402917e+04
1.804798434365242429e+04
1.827723461816021882e+04
1.828280694017510177e+04
1.837120700496975041e+04
1.842556797001944869e+04
1.853364673172734911e+04
1.867284068923510858e+04
1.876852294360440646e+04
1.886135626426650560e+04
1.904059782646588064e+04
1.919866449680544247e+04
1.929426740673142922e+04
1.932221249954750601e+04
1.943520818648164277e+04
1.953401161337106169e+04
1.963507496260988046e+04
1.967952584197612669e+04
1.981174057789489598e+04
2.002022073478172388e+04
2.007759694091717029e+04
2.011816247744785142e+04
2.025913663171965527e+04
2.053199834374727288e+04
2.053627398615570200e+04
2.074259658325141208e+04
2.090386432696345219e+04
2.094841160161842708e+04
2.101671360174132860e+04
2.105264415231646126e+04
2.114670897029506523e+04
2.118255354171906583e+04
2.143308686581195798e+04
2.155226673910715181e+04
2.169118143871538632e+04
2.182489729611191797e+04
2.203635121562037966e+04
2.220120886200422683e+04
2.225231924305310167e+04
2.240910804877448390e+04
2.243378377447252205e+04
2.255891100449742589e+04
2.274503945183728138e+04
2.299936369632546848e+04
2.307029783839780066e+04
2.314335419237142560e+04
2.323322619810823744e+04
2.339108882176529733e+04
2.348878698134272054e+04
2.363691892985476079e+04
2.370364086000781390e+04
2.385885488917454131e+04
2.390927178476230984e+04
2.407755556129583420e+04
2.437147722644721216e+04
2.446691946053554057e+04
2.447271788333405493e+04
2.452934552305612669e+04
2.465720968456165429e+04
2.479657024612515670e+04
2.528669907270278054e+04
2.534465194511836307e+04
2.540436830251797073e+04
2.563368783494310628e+04
2.567637016812225193e+04
2.581095110962025865e+04
2.602106624695717619e+04
2.627857275542362186e+04
2.650580072851686054e+04
2.651596212031009054e+04
2.667905772586082094e+04
2.688583929816857199e+04
2.725070341561530586e+04
2.753641095194047739e+04
2.774305977580709441e+04
2.775668096989530022e+04
2.790548865594271774e+04
2.797344925899575537e+04
2.832629341540740279e+04
2.847863328140727390e+04
2.869010049281847751e+04
2.882104177108048680e+04
2.892121075040782671e+04
2.930616715461449348e+04
2.933660737254905325e+04
2.940207867838074526e+04
2.942970660393037906e+04
2.946271609365235054e+04
3.017501490632075365e+04
3.038947306531526556e+04
3.049779841687549197e+04
3.051862971870835463e+04
3.072854356407138766e+04
3.096788058929842373e+04
3.110101935798102932e+04
3.110900587035574063e+04
3.168975958901584818e+04
3.187201328743759950e+04
3.213068684788402970e+04
3.219703228871792817e+04
3.235922968051517091e+04
3.243466069365393923e+04
3.267934743185103434e+04
3.287961550448071648e+04
3.313675079129445658e+04
3.317327199847392330e+04
3.339957625973949325e+04
3.357740587990322092e+04
3.382312647406637552e+04
3.414512798338032735e+04
3.416014192661804555e+04
3.423344956989764614e+04
3.451868146613211138e+04
3.463171412362992123e+04
3.466565296446131833e+04
3.479326126214065152e+04
3.522625752449740685e+04
3.531767407372347952e+04
3.557367196516394324e+04
3.585924595414938813e+04
3.590305965341406409e+04
3.630561525096460537e+04
3.655119433974785352e+04
3.671889054252087226e+04
3.681628814473107923e+04
3.703605608141620178e+04
3.706541647552256472e+04
3.779192716206857585e+04
3.800294136960595642e+04
3.835898111282918399e+04
3.853750601129704592e+04
3.859220704296734766e+04
3.908032896854956925e+04
3.954374476229241554e+04
3.993840934041123546e+04
4.032509308892655099e+04
4.036131567682901368e+04
4.043646327308043692e+04
4.056955429084856587e+04
4.101501945791914477e+04
4.152370313211715984e+04
4.227950986786111753e+04
4.244555123368388013e+04
4.322714382033776928e+04
4.363058253081518342e+04
4.367692400396993617e+04
4.400628613030194538e+04
4.433919472560572467e+04
4.487177545395234483e+04
4.490209191861835279e+04
4.496740468319763022e+04
4.507827723660533957e+04
4.540227921599349065e+04
4.598233650952647440e+04
4.656556914259684709e+04
4.715109199465793063e+04
4.751581769696807896e+04
4.798343527624160924e+04
4.824750906243148347e+04
4.824828113190929434e+04
4.883021731686848943e+04
4.915173471673228778e+04
4.977039479371235939e+04
5.024578010848470876e+04
5.085657214387624845e+04
5.150745409715193819e+04
5.210146400545391953e+04
5.248270398655752797e+04
5.292936159538270294e+04
5.309196329271214199e+04
5.341421926809656725e+04
5.383328014706780232e+04
5.397106809349197283e+04
5.434128495803919213e+04
5.460220826676525030e+04
5.473468734163312911e+04
5.500314254012781021e+04
5.574394368915394443e+04
5.608382570523430331e+04
5.634617965441215347e+04
5.716336897725579911e+04
5.783271577454066573e+04
5.811890196828687476e+04
5.934719787266258209e+04
5.987935849971092830e+04
6.052791427660593035e+04
6.092425317688179348e+04
6.117047100883089297e+04
6.212909038497217261e+04
6.318409754792971944e+04
6.356545407638219331e+04
6.412747550288169441e+04
6.482781242584720894e+04
6.519698521441758203e+04
6.631426106870165677e+04
6.814372700127893768e+04
6.920647604531534307e+04
7.044020670291842544e+04
7.291944990397193760e+04
7.507776381766004488e+04
7.687246681043371791e+04
7.899763021179901261e+04
8.074912055992400565e+04
8.226264711715027806e+04
8.534349353190556576e+04
8.815501777651693556e+04
9.240417536149312218e+04
9.418182666296551179e+04
1.092585402713841322e+05
1.163514927858210140e+05
1.272412334099507425e+05
1.399215366549182218e+05
1.600682435919012933e+05
1.783871941508848686e+05
1.861335671682347311e+05
2.020845752805412631e+05
2.353954493956501829e+05
2.743981992140709190e+05
2.914765023553608917e+05
3.370366647706893273e+05
3.545671333431951352e+05
4.410456455806025770e+05
4.618457382334441645e+05
8.175477244369402761e+05
1.069525937168397475e+06
2.083244263669827254e+06
inf
inf
inf
